1 1.910706 0.6799
2 0.528665 0.8986
3 0.355351 0.9221
4 0.277629 0.9392
5 0.235139 0.9500
6 0.208639 0.9576
7 0.187208 0.9583
8 0.168282 0.9664
9 0.155009 0.9705
10 0.153212 0.9687
11 0.140630 0.9718
12 0.133525 0.9725
13 0.123831 0.9761
14 0.113524 0.9802
15 0.117387 0.9766
16 0.111868 0.9786
17 0.104572 0.9806
18 0.103553 0.9811
19 0.098773 0.9818
20 0.097453 0.9824
21 0.095750 0.9836
22 0.092942 0.9854
23 0.093517 0.9854
24 0.089566 0.9869
25 0.091121 0.9854
26 0.087409 0.9858
27 0.086805 0.9847
28 0.084359 0.9869
29 0.085491 0.9878
30 0.084240 0.9869
